
DROP TABLE IF EXISTS related_words;

CREATE TABLE if not exists related_words (
  word_id INTEGER REFERENCES words(id) ON DELETE CASCADE,
  related_word_id INTEGER REFERENCES words(id) ON DELETE CASCADE,
  correlation FLOAT CHECK (correlation >= 0 AND correlation <= 1),
  created_at TIMESTAMP DEFAULT CURRENT_TIMESTAMP,
  PRIMARY KEY (word_id, related_word_id)
);

INSERT INTO related_words (word_id, related_word_id, correlation) VALUES
(1, 2, 0.73), (2, 1, 0.73),
(1, 3, 0.45), (3, 1, 0.45),
(1, 6, 0.89), (6, 1, 0.89),
(1, 10, 0.21), (10, 1, 0.21),
(2, 4, 0.62), (4, 2, 0.62),
(2, 7, 0.95), (7, 2, 0.95),
(2, 11, 0.38), (11, 2, 0.38),
(3, 5, 0.56), (5, 3, 0.56),
(3, 8, 0.79), (8, 3, 0.79),
(3, 12, 0.14), (12, 3, 0.14),
(4, 9, 0.87), (9, 4, 0.87),
(4, 13, 0.32), (13, 4, 0.32),
(5, 14, 0.68), (14, 5, 0.68),
(5, 15, 0.41), (15, 5, 0.41),
(6, 16, 0.93), (16, 6, 0.93),
(6, 17, 0.27), (17, 6, 0.27),
(7, 18, 0.81), (18, 7, 0.81),
(7, 19, 0.53), (19, 7, 0.53),
(8, 20, 0.76), (20, 8, 0.76),
(8, 21, 0.19), (21, 8, 0.19),
(9, 22, 0.84), (22, 9, 0.84),
(9, 23, 0.37), (23, 9, 0.37),
(10, 24, 0.59), (24, 10, 0.59),
(10, 25, 0.92), (25, 10, 0.92),
(11, 26, 0.43), (26, 11, 0.43),
(11, 27, 0.78), (27, 11, 0.78),
(12, 28, 0.25), (28, 12, 0.25),
(12, 29, 0.71), (29, 12, 0.71),
(13, 30, 0.86), (30, 13, 0.86),
(13, 31, 0.34), (31, 13, 0.34),
(14, 32, 0.67), (32, 14, 0.67),
(14, 33, 0.98), (33, 14, 0.98),
(15, 34, 0.51), (34, 15, 0.51),
(15, 35, 0.83), (35, 15, 0.83),
(16, 36, 0.29), (36, 16, 0.29),
(16, 37, 0.75), (37, 16, 0.75),
(17, 38, 0.91), (38, 17, 0.91),
(17, 39, 0.47), (39, 17, 0.47),
(18, 40, 0.64), (40, 18, 0.64),
(18, 41, 0.88), (41, 18, 0.88),
(19, 42, 0.23), (42, 19, 0.23),
(19, 43, 0.72), (43, 19, 0.72),
(20, 44, 0.96), (44, 20, 0.96),
(20, 45, 0.39), (45, 20, 0.39),
(21, 46, 0.58), (46, 21, 0.58),
(21, 47, 0.85), (47, 21, 0.85),
(22, 48, 0.31), (48, 22, 0.31),
(22, 49, 0.77), (49, 22, 0.77);



